0
//EventName              DropZen   ItemDropRate   ItemDropCount   SetItemDropRate   ItemDropType   Fireworks	
"Medusa"		 		0	  	   100		  	  1		  		  0		    	0		   	   0
end

2
//Section   Type   MinLevel   MaxLevel   Skill   Luck   Option   Excellent      Ancient      Socket

7  0 0 0 0 0 0 0 1 0   //
7  1 0 0 0 0 0 0 1 0   //
7  2 0 0 0 0 0 0 1 0   //
7  3 0 0 0 0 0 0 1 0   //
7  4 0 0 0 0 0 0 1 0   //
7  5 0 0 0 0 0 0 1 0   //
7  6 0 0 0 0 0 0 1 0   //
7  7 0 0 0 0 0 0 1 0   //
7  8 0 0 0 0 0 0 1 0   //
7  9 0 0 0 0 0 0 1 0   //
7  10 0 0 0 0 0 0 1 0   //
7  11 0 0 0 0 0 0 1 0   //
7  12 0 0 0 0 0 0 1 0   //
7  13 0 0 0 0 0 0 1 0   //
7  14 0 0 0 0 0 0 1 0   //

8  0 0 0 0 0 0 0 1 0   //
8  1 0 0 0 0 0 0 1 0   //
8  2 0 0 0 0 0 0 1 0   //
8  3 0 0 0 0 0 0 1 0   //
8  4 0 0 0 0 0 0 1 0   //
8  5 0 0 0 0 0 0 1 0   //
8  6 0 0 0 0 0 0 1 0   //
8  7 0 0 0 0 0 0 1 0   //
8  8 0 0 0 0 0 0 1 0   //
8  9 0 0 0 0 0 0 1 0   //
8  10 0 0 0 0 0 0 1 0   //
8  11 0 0 0 0 0 0 1 0   //
8  12 0 0 0 0 0 0 1 0   //
8  13 0 0 0 0 0 0 1 0   //
8  14 0 0 0 0 0 0 1 0   //
8  15 0 0 0 0 0 0 1 0   //

9  0 0 0 0 0 0 0 1 0   //
9  1 0 0 0 0 0 0 1 0   //
9  2 0 0 0 0 0 0 1 0   //
9  3 0 0 0 0 0 0 1 0   //
9  4 0 0 0 0 0 0 1 0   //
9  5 0 0 0 0 0 0 1 0   //
9  6 0 0 0 0 0 0 1 0   //
9  7 0 0 0 0 0 0 1 0   //
9  8 0 0 0 0 0 0 1 0   //
9  9 0 0 0 0 0 0 1 0   //
9  10 0 0 0 0 0 0 1 0   //
9  11 0 0 0 0 0 0 1 0   //
9  12 0 0 0 0 0 0 1 0   //
9  13 0 0 0 0 0 0 1 0   //
9  14 0 0 0 0 0 0 1 0   //
9  15 0 0 0 0 0 0 1 0   //

10  0 0 0 0 0 0 0 1 0   //
10  1 0 0 0 0 0 0 1 0   //
10  2 0 0 0 0 0 0 1 0   //
10  3 0 0 0 0 0 0 1 0   //
10  4 0 0 0 0 0 0 1 0   //
10  5 0 0 0 0 0 0 1 0   //
10  6 0 0 0 0 0 0 1 0   //
10  7 0 0 0 0 0 0 1 0   //
10  8 0 0 0 0 0 0 1 0   //
10  9 0 0 0 0 0 0 1 0   //
10  10 0 0 0 0 0 0 1 0   //
10  11 0 0 0 0 0 0 1 0   //
10  12 0 0 0 0 0 0 1 0   //
10  13 0 0 0 0 0 0 1 0   //
10  14 0 0 0 0 0 0 1 0   //
10  15 0 0 0 0 0 0 1 0   //

11  1 0 0 0 0 0 0 1 0   //
11  2 0 0 0 0 0 0 1 0   //
11  3 0 0 0 0 0 0 1 0   //
11  4 0 0 0 0 0 0 1 0   //
11  5 0 0 0 0 0 0 1 0   //
11  6 0 0 0 0 0 0 1 0   //
11  7 0 0 0 0 0 0 1 0   //
11  8 0 0 0 0 0 0 1 0   //
11  9 0 0 0 0 0 0 1 0   //
11  10 0 0 0 0 0 0 1 0   //
11  11 0 0 0 0 0 0 1 0   //
11  12 0 0 0 0 0 0 1 0   //
11  13 0 0 0 0 0 0 1 0   //
11  14 0 0 0 0 0 0 1 0   //
11  15 0 0 0 0 0 0 1 0   //

7  0 0 0 0 0 0 0 1 0   //
7  1 0 0 0 0 0 0 1 0   //
7  2 0 0 0 0 0 0 1 0   //
7  3 0 0 0 0 0 0 1 0   //
7  4 0 0 0 0 0 0 1 0   //
7  5 0 0 0 0 0 0 1 0   //
7  6 0 0 0 0 0 0 1 0   //
7  7 0 0 0 0 0 0 1 0   //
7  8 0 0 0 0 0 0 1 0   //
7  9 0 0 0 0 0 0 1 0   //
7  10 0 0 0 0 0 0 1 0   //
7  11 0 0 0 0 0 0 1 0   //
7  12 0 0 0 0 0 0 1 0   //
7  13 0 0 0 0 0 0 1 0   //
7  14 0 0 0 0 0 0 1 0   //

8  0 0 0 0 0 0 0 1 0   //
8  1 0 0 0 0 0 0 1 0   //
8  2 0 0 0 0 0 0 1 0   //
8  3 0 0 0 0 0 0 1 0   //
8  4 0 0 0 0 0 0 1 0   //
8  5 0 0 0 0 0 0 1 0   //
8  6 0 0 0 0 0 0 1 0   //
8  7 0 0 0 0 0 0 1 0   //
8  8 0 0 0 0 0 0 1 0   //
8  9 0 0 0 0 0 0 1 0   //
8  10 0 0 0 0 0 0 1 0   //
8  11 0 0 0 0 0 0 1 0   //
8  12 0 0 0 0 0 0 1 0   //
8  13 0 0 0 0 0 0 1 0   //
8  14 0 0 0 0 0 0 1 0   //
8  15 0 0 0 0 0 0 1 0   //

9  0 0 0 0 0 0 0 1 0   //
9  1 0 0 0 0 0 0 1 0   //
9  2 0 0 0 0 0 0 1 0   //
9  3 0 0 0 0 0 0 1 0   //
9  4 0 0 0 0 0 0 1 0   //
9  5 0 0 0 0 0 0 1 0   //
9  6 0 0 0 0 0 0 1 0   //
9  7 0 0 0 0 0 0 1 0   //
9  8 0 0 0 0 0 0 1 0   //
9  9 0 0 0 0 0 0 1 0   //
9  10 0 0 0 0 0 0 1 0   //
9  11 0 0 0 0 0 0 1 0   //
9  12 0 0 0 0 0 0 1 0   //
9  13 0 0 0 0 0 0 1 0   //
9  14 0 0 0 0 0 0 1 0   //
9  15 0 0 0 0 0 0 1 0   //

10  0 0 0 0 0 0 0 1 0   //
10  1 0 0 0 0 0 0 1 0   //
10  2 0 0 0 0 0 0 1 0   //
10  3 0 0 0 0 0 0 1 0   //
10  4 0 0 0 0 0 0 1 0   //
10  5 0 0 0 0 0 0 1 0   //
10  6 0 0 0 0 0 0 1 0   //
10  7 0 0 0 0 0 0 1 0   //
10  8 0 0 0 0 0 0 1 0   //
10  9 0 0 0 0 0 0 1 0   //
10  10 0 0 0 0 0 0 1 0   //
10  11 0 0 0 0 0 0 1 0   //
10  12 0 0 0 0 0 0 1 0   //
10  13 0 0 0 0 0 0 1 0   //
10  14 0 0 0 0 0 0 1 0   //
10  15 0 0 0 0 0 0 1 0   //

11  1 0 0 0 0 0 0 1 0   //
11  2 0 0 0 0 0 0 1 0   //
11  3 0 0 0 0 0 0 1 0   //
11  4 0 0 0 0 0 0 1 0   //
11  5 0 0 0 0 0 0 1 0   //
11  6 0 0 0 0 0 0 1 0   //
11  7 0 0 0 0 0 0 1 0   //
11  8 0 0 0 0 0 0 1 0   //
11  9 0 0 0 0 0 0 1 0   //
11  10 0 0 0 0 0 0 1 0   //
11  11 0 0 0 0 0 0 1 0   //
11  12 0 0 0 0 0 0 1 0   //
11  13 0 0 0 0 0 0 1 0   //
11  14 0 0 0 0 0 0 1 0   //
11  15 0 0 0 0 0 0 1 0   //

7  0 0 0 0 1 0 0 1 0   //
7  1 0 0 0 1 0 0 1 0   //
7  2 0 0 0 1 0 0 1 0   //
7  3 0 0 0 1 0 0 1 0   //
7  4 0 0 0 1 0 0 1 0   //
7  5 0 0 0 1 0 0 1 0   //
7  6 0 0 0 1 0 0 1 0   //
7  7 0 0 0 1 0 0 1 0   //
7  8 0 0 0 1 0 0 1 0   //
7  9 0 0 0 1 0 0 1 0   //
7  10 0 0 1 0 0 0 1 0   //
7  11 0 0 1 0 0 0 1 0   //
7  12 0 0 1 0 0 0 1 0   //
7  13 0 0 1 0 0 0 1 0   //
7  14 0 0 1 0 0 0 1 0   //

8  0 0 0 0 1 0 0 1 0   //
8  1 0 0 0 1 0 0 1 0   //
8  2 0 0 0 1 0 0 1 0   //
8  3 0 0 0 1 0 0 1 0   //
8  4 0 0 0 1 0 0 1 0   //
8  5 0 0 0 1 0 0 1 0   //
8  6 0 0 0 1 0 0 1 0   //
8  7 0 0 0 1 0 0 1 0   //
8  8 0 0 0 1 0 0 1 0   //
8  9 0 0 0 1 0 0 1 0   //
8  10 0 0 0 1 0 0 1 0   //
8  11 0 0 0 1 0 0 1 0   //
8  12 0 0 0 1 0 0 1 0   //
8  13 0 0 0 1 0 0 1 0   //
8  14 0 0 0 1 0 0 1 0   //
8  15 0 0 0 1 0 0 1 0   //

9  0 0 0 0 1 0 0 1 0   //
9  1 0 0 0 1 0 0 1 0   //
9  2 0 0 0 1 0 0 1 0   //
9  3 0 0 0 1 0 0 1 0   //
9  4 0 0 0 1 0 0 1 0   //
9  5 0 0 0 1 0 0 1 0   //
9  6 0 0 0 1 0 0 1 0   //
9  7 0 0 0 1 0 0 1 0   //
9  8 0 0 0 1 0 0 1 0   //
9  9 0 0 0 1 0 0 1 0   //
9  10 0 0 0 1 0 0 1 0   //
9  11 0 0 0 1 0 0 1 0   //
9  12 0 0 0 1 0 0 1 0   //
9  13 0 0 0 1 0 0 1 0   //
9  14 0 0 0 1 0 0 1 0   //
9  15 0 0 0 1 0 0 1 0   //

10  0 0 0 0 1 0 0 1 0   //
10  1 0 0 0 1 0 0 1 0   //
10  2 0 0 0 1 0 0 1 0   //
10  3 0 0 0 1 0 0 1 0   //
10  4 0 0 0 1 0 0 1 0   //
10  5 0 0 0 1 0 0 1 0   //
10  6 0 0 0 1 0 0 1 0   //
10  7 0 0 0 1 0 0 1 0   //
10  8 0 0 0 1 0 0 1 0   //
10  9 0 0 0 1 0 0 1 0   //
10  10 0 0 0 1 0 0 1 0   //
10  11 0 0 0 1 0 0 1 0   //
10  12 0 0 0 1 0 0 1 0   //
10  13 0 0 0 1 0 0 1 0   //
10  14 0 0 0 1 0 0 1 0   //
10  15 0 0 0 1 0 0 1 0   //

11  1 0 0 0 1 0 0 1 0   //
11  2 0 0 0 1 0 0 1 0   //
11  3 0 0 0 1 0 0 1 0   //
11  4 0 0 0 1 0 0 1 0   //
11  5 0 0 0 1 0 0 1 0   //
11  6 0 0 0 1 0 0 1 0   //
11  7 0 0 0 1 0 0 1 0   //
11  8 0 0 0 1 0 0 1 0   //
11  9 0 0 0 1 0 0 1 0   //
11  10 0 0 0 1 0 0 1 0   //
11  11 0 0 0 1 0 0 1 0   //
11  12 0 0 0 1 0 0 1 0   //
11  13 0 0 0 1 0 0 1 0   //
11  14 0 0 0 1 0 0 1 0   //
11  15 0 0 0 1 0 0 1 0   //end

7  53 0 0 0 0 0 0 0 0   //sucubus
7  54 0 0 0 0 0 0 0 0   //Lazy
7  55 0 0 0 0 0 0 0 0   //Dark Devil
7  56 0 0 0 0 0 0 0 0   //Sticky Helm
7  58 0 0 0 0 0 0 0 0   //Ambition Mask
7  166 0 0 0 0 0 0 0 0   //Tigris Helm
7  167 0 0 0 0 0 0 0 0   //Crimson Skull Helm

8  53 0 0 0 0 0 0 0 0   //sucubus
8  54 0 0 0 0 0 0 0 0   //Lazy
8  55 0 0 0 0 0 0 0 0   //Dark Devil
8  56 0 0 0 0 0 0 0 0   //Sticky Helm
8  57 0 0 0 0 0 0 0 0   //hellknight Helm
8  58 0 0 0 0 0 0 0 0   //Ambition Mask
8  166 0 0 0 0 0 0 0 0   //Tigris Helm
8  167 0 0 0 0 0 0 0 0   //Crimson Skull Helm

9  53 0 0 0 0 0 0 0 0   //sucubus
9  54 0 0 0 0 0 0 0 0   //Lazy
9  55 0 0 0 0 0 0 0 0   //Dark Devil
9  56 0 0 0 0 0 0 0 0   //Sticky Helm
9  57 0 0 0 0 0 0 0 0   //hellknight Helm
9  58 0 0 0 0 0 0 0 0   //Ambition Mask
9  166 0 0 0 0 0 0 0 0   //Tigris Helm
9  167 0 0 0 0 0 0 0 0   //Crimson Skull Helm

10  53 0 0 0 0 0 0 0 0   //sucubus
10  54 0 0 0 0 0 0 0 0   //Lazy
10  55 0 0 0 0 0 0 0 0   //Dark Devil
10  56 0 0 0 0 0 0 0 0   //Sticky Helm
10  57 0 0 0 0 0 0 0 0   //hellknight Helm
10  58 0 0 0 0 0 0 0 0   //Ambition Mask

11  53 0 0 0 0 0 0 0 0   //sucubus
11  54 0 0 0 0 0 0 0 0   //Lazy
11  55 0 0 0 0 0 0 0 0   //Dark Devil
11  56 0 0 0 0 0 0 0 0   //Sticky Helm
11  57 0 0 0 0 0 0 0 0   //hellknight Helm
11  58 0 0 0 0 0 0 0 0   //Ambition Mask
11  166 0 0 0 0 0 0 0 0   //Tigris Helm
11  167 0 0 0 0 0 0 0 0   //Crimson Skull Helm

6  22 0 0 0 0 0 0 0 0   //Lazy Wind Shield
6  23 0 0 0 0 0 0 0 0   //Light Lord Shield
6  24 0 0 0 0 0 0 0 0   //Dark Devil Shield
6  25 0 0 0 0 0 0 0 0   //Magic Knight Shield
6  26 0 0 0 0 0 0 0 0   //Ambition Shield

7  110 0 0 0 0 0 0 0 0   //Sealed Bloodangel Helm
7  111 0 0 0 0 0 0 0 0   //Sealed Bloodangel Helm
7  112 0 0 0 0 0 0 0 0   //Sealed Bloodangel Helm
7  113 0 0 0 0 0 0 0 0   //Sealed Bloodangel Helm
7  115 0 0 0 0 0 0 0 0   //Sealed Bloodangel Helm
7  116 0 0 0 0 0 0 0 0   //Sealed Bloodangel Helm

8  110 0 0 0 0 0 0 0 0   //Sealed Bloodangel armor
8  111 0 0 0 0 0 0 0 0   //Sealed Bloodangel armor
8  112 0 0 0 0 0 0 0 0   //Sealed Bloodangel armor
8  113 0 0 0 0 0 0 0 0   //Sealed Bloodangel armor
8  114 0 0 0 0 0 0 0 0   //Sealed Bloodangel armor
8  115 0 0 0 0 0 0 0 0   //Sealed Bloodangel armor
8  116 0 0 0 0 0 0 0 0   //Sealed Bloodangel armor

9  110 0 0 0 0 0 0 0 0   //Sealed Bloodangel pants
9  111 0 0 0 0 0 0 0 0   //Sealed Bloodangel pants
9  112 0 0 0 0 0 0 0 0   //Sealed Bloodangel pants
9  113 0 0 0 0 0 0 0 0   //Sealed Bloodangel pants
9  114 0 0 0 0 0 0 0 0   //Sealed Bloodangel pants
9  115 0 0 0 0 0 0 0 0   //Sealed Bloodangel pants
9  116 0 0 0 0 0 0 0 0   //Sealed Bloodangel pants

10  110 0 0 0 0 0 0 0 0   //Sealed Bloodangel gloves
10  111 0 0 0 0 0 0 0 0   //Sealed Bloodangel gloves
10  112 0 0 0 0 0 0 0 0   //Sealed Bloodangel gloves
10  113 0 0 0 0 0 0 0 0   //Sealed Bloodangel gloves
10  114 0 0 0 0 0 0 0 0   //Sealed Bloodangel gloves
10  115 0 0 0 0 0 0 0 0   //Sealed Bloodangel gloves

11  110 0 0 0 0 0 0 0 0   //Sealed Bloodangel boots
11  111 0 0 0 0 0 0 0 0   //Sealed Bloodangel boots
11  112 0 0 0 0 0 0 0 0   //Sealed Bloodangel boots
11  113 0 0 0 0 0 0 0 0   //Sealed Bloodangel boots
11  114 0 0 0 0 0 0 0 0   //Sealed Bloodangel boots
11  115 0 0 0 0 0 0 0 0   //Sealed Bloodangel boots
11  116 0 0 0 0 0 0 0 0   //Sealed Bloodangel boots


0  29 0 0 0 0 0 0 0 0   //sonic
0  30 0 0 0 0 0 0 0 0   //asura
0  107 0 0 0 0 0 0 0 0   //Pantera
0  108 0 0 0 0 0 0 0 0   //devas

2  19 0 0 0 0 0 0 0 0   //Thunderbolt
2  20 0 0 0 0 0 0 0 0   //Horn of Steal

3  12 0 0 0 0 0 0 0 0   //Magmus Peer

4  25 0 0 0 0 0 0 0 0   //Angelic Bow
4  26 0 0 0 0 0 0 0 0   //Devil Crossbow

5  35 0 0 0 0 0 0 0 0   //Miracle Staff




end